2.857e+00 9.075e+01 6.438e-02 6.438e-03
1.622e+00 9.075e+01 1.065e-01 1.065e-02
1.593e+00 9.075e+01 1.035e-01 1.035e-02
1.569e+00 9.075e+01 9.842e-02 9.842e-03
1.544e+00 9.075e+01 9.202e-02 9.202e-03
1.520e+00 9.075e+01 8.744e-02 8.744e-03
1.491e+00 9.075e+01 8.307e-02 8.307e-03
1.466e+00 9.075e+01 7.900e-02 7.900e-03
1.438e+00 9.075e+01 7.791e-02 7.791e-03
1.402e+00 9.075e+01 7.598e-02 7.598e-03
1.367e+00 9.075e+01 7.196e-02 7.196e-03
1.333e+00 9.075e+01 7.393e-02 7.393e-03
1.296e+00 9.075e+01 7.969e-02 7.969e-03
1.258e+00 9.075e+01 7.870e-02 7.870e-03
1.223e+00 9.075e+01 7.540e-02 7.540e-03
1.653e+00 9.075e+01 1.132e-01 1.132e-02
1.187e+00 9.075e+01 8.004e-02 8.004e-03
1.109e+00 9.075e+01 8.162e-02 8.162e-03
1.036e+00 9.075e+01 8.718e-02 8.718e-03
9.900e-01 9.075e+01 9.800e-02 9.800e-03
9.520e-01 9.075e+01 1.026e-01 1.026e-02
9.170e-01 9.075e+01 1.032e-01 1.032e-02
8.750e-01 9.075e+01 1.125e-01 1.125e-02
8.350e-01 9.075e+01 1.147e-01 1.147e-02
7.840e-01 9.075e+01 1.290e-01 1.290e-02
7.460e-01 9.075e+01 1.425e-01 1.425e-02
7.110e-01 9.075e+01 1.495e-01 1.495e-02
6.750e-01 9.075e+01 1.537e-01 1.537e-02
6.380e-01 9.075e+01 1.705e-01 1.705e-02
5.970e-01 9.075e+01 1.860e-01 1.860e-02
4.850e-01 9.075e+01 2.871e-01 2.871e-02
1.149e+00 9.075e+01 7.604e-02 7.604e-03
1.678e+00 9.075e+01 1.182e-01 1.182e-02
1.070e+00 9.075e+01 8.443e-02 8.443e-03
1.725e+00 9.075e+01 1.216e-01 1.216e-02
2.352e+00 9.075e+01 7.696e-02 7.696e-03
2.392e+00 9.075e+01 7.549e-02 7.549e-03
2.427e+00 9.075e+01 7.438e-02 7.438e-03
2.470e+00 9.075e+01 7.181e-02 7.181e-03
2.507e+00 9.075e+01 7.119e-02 7.119e-03
2.552e+00 9.075e+01 7.050e-02 7.050e-03
2.314e+00 9.075e+01 7.777e-02 7.777e-03
2.591e+00 9.075e+01 6.849e-02 6.849e-03
2.656e+00 9.075e+01 6.808e-02 6.808e-03
2.678e+00 9.075e+01 6.783e-02 6.783e-03
2.716e+00 9.075e+01 6.830e-02 6.830e-03
2.756e+00 9.075e+01 6.600e-02 6.600e-03
2.795e+00 9.075e+01 6.576e-02 6.576e-03
1.702e+00 9.075e+01 1.198e-01 1.198e-02
2.625e+00 9.075e+01 6.889e-02 6.889e-03
2.276e+00 9.075e+01 8.087e-02 8.087e-03
2.831e+00 9.075e+01 6.588e-02 6.588e-03
2.195e+00 9.075e+01 8.566e-02 8.566e-03
2.234e+00 9.075e+01 8.269e-02 8.269e-03
1.747e+00 9.075e+01 1.251e-01 1.251e-02
1.776e+00 9.075e+01 1.248e-01 1.248e-02
1.798e+00 9.075e+01 1.254e-01 1.254e-02
1.825e+00 9.075e+01 1.245e-01 1.245e-02
1.875e+00 9.075e+01 1.188e-01 1.188e-02
1.906e+00 9.075e+01 1.143e-01 1.143e-02
1.849e+00 9.075e+01 1.213e-01 1.213e-02
1.958e+00 9.075e+01 1.085e-01 1.085e-02
1.984e+00 9.075e+01 1.056e-01 1.056e-02
2.031e+00 9.075e+01 9.885e-02 9.885e-03
2.071e+00 9.075e+01 9.651e-02 9.651e-03
2.117e+00 9.075e+01 9.181e-02 9.181e-03
2.155e+00 9.075e+01 8.807e-02 8.807e-03
1.935e+00 9.075e+01 1.125e-01 1.125e-02
1.893e+00 1.261e+02 1.000e-01 1.000e-02
2.004e+00 1.261e+02 7.763e-02 7.763e-03
1.969e+00 1.261e+02 8.431e-02 8.431e-03
1.946e+00 1.261e+02 8.878e-02 8.878e-03
2.050e+00 1.261e+02 7.257e-02 7.257e-03
1.913e+00 1.261e+02 9.599e-02 9.599e-03
1.869e+00 1.261e+02 1.053e-01 1.053e-02
1.719e+00 1.261e+02 1.233e-01 1.233e-02
1.829e+00 1.261e+02 1.147e-01 1.147e-02
1.810e+00 1.261e+02 1.146e-01 1.146e-02
1.794e+00 1.261e+02 1.203e-01 1.203e-02
1.763e+00 1.261e+02 1.223e-01 1.223e-02
1.741e+00 1.261e+02 1.226e-01 1.226e-02
2.086e+00 1.261e+02 6.904e-02 6.904e-03
1.694e+00 1.261e+02 1.221e-01 1.221e-02
1.669e+00 1.261e+02 1.207e-01 1.207e-02
1.847e+00 1.261e+02 1.094e-01 1.094e-02
2.127e+00 1.261e+02 6.440e-02 6.440e-03
2.420e+00 1.261e+02 4.674e-02 4.674e-03
2.205e+00 1.261e+02 5.734e-02 5.734e-03
1.641e+00 1.261e+02 1.157e-01 1.157e-02
2.870e+00 1.261e+02 3.990e-02 3.990e-03
2.839e+00 1.261e+02 4.046e-02 4.046e-03
2.808e+00 1.261e+02 3.970e-02 3.970e-03
2.719e+00 1.261e+02 4.023e-02 4.023e-03
2.686e+00 1.261e+02 4.087e-02 4.087e-03
2.657e+00 1.261e+02 4.145e-02 4.145e-03
2.620e+00 1.261e+02 4.226e-02 4.226e-03
2.575e+00 1.261e+02 4.174e-02 4.174e-03
2.537e+00 1.261e+02 4.300e-02 4.300e-03
2.497e+00 1.261e+02 4.358e-02 4.358e-03
2.458e+00 1.261e+02 4.572e-02 4.572e-03
2.375e+00 1.261e+02 4.790e-02 4.790e-03
2.344e+00 1.261e+02 4.936e-02 4.936e-03
2.302e+00 1.261e+02 5.047e-02 5.047e-03
2.269e+00 1.261e+02 5.214e-02 5.214e-03
2.242e+00 1.261e+02 5.431e-02 5.431e-03
2.167e+00 1.261e+02 6.006e-02 6.006e-03
2.766e+00 1.261e+02 4.045e-02 4.045e-03
1.622e+00 1.261e+02 1.107e-01 1.107e-02
1.564e+00 1.261e+02 1.022e-01 1.022e-02
1.591e+00 1.261e+02 1.081e-01 1.081e-02
3.910e-01 1.261e+02 1.664e-01 1.664e-02
4.230e-01 1.261e+02 1.492e-01 1.492e-02
4.730e-01 1.261e+02 1.148e-01 1.148e-02
5.250e-01 1.261e+02 1.032e-01 1.032e-02
5.730e-01 1.261e+02 9.434e-02 9.434e-03
6.130e-01 1.261e+02 8.243e-02 8.243e-03
6.530e-01 1.261e+02 7.323e-02 7.323e-03
7.370e-01 1.261e+02 6.259e-02 6.259e-03
7.770e-01 1.261e+02 6.841e-02 6.841e-03
8.240e-01 1.261e+02 6.120e-02 6.120e-03
8.680e-01 1.261e+02 5.682e-02 5.682e-03
9.100e-01 1.261e+02 5.474e-02 5.474e-03
9.500e-01 1.261e+02 5.162e-02 5.162e-03
9.900e-01 1.261e+02 5.267e-02 5.267e-03
6.970e-01 1.261e+02 6.946e-02 6.946e-03
1.066e+00 1.261e+02 5.296e-02 5.296e-03
1.540e+00 1.261e+02 9.748e-02 9.748e-03
1.028e+00 1.261e+02 5.004e-02 5.004e-03
1.519e+00 1.261e+02 9.299e-02 9.299e-03
1.492e+00 1.261e+02 8.688e-02 8.688e-03
1.466e+00 1.261e+02 8.179e-02 8.179e-03
1.437e+00 1.261e+02 7.646e-02 7.646e-03
1.368e+00 1.261e+02 6.419e-02 6.419e-03
1.408e+00 1.261e+02 7.139e-02 7.139e-03
1.294e+00 1.261e+02 5.895e-02 5.895e-03
1.258e+00 1.261e+02 5.553e-02 5.553e-03
1.225e+00 1.261e+02 5.303e-02 5.303e-03
1.187e+00 1.261e+02 5.219e-02 5.219e-03
1.145e+00 1.261e+02 5.244e-02 5.244e-03
1.110e+00 1.261e+02 4.987e-02 4.987e-03
1.330e+00 1.261e+02 6.122e-02 6.122e-03
1.217e+00 1.591e+02 4.901e-02 4.901e-03
1.375e+00 1.591e+02 6.815e-02 6.815e-03
1.255e+00 1.591e+02 5.169e-02 5.169e-03
1.290e+00 1.591e+02 5.700e-02 5.700e-03
1.335e+00 1.591e+02 6.209e-02 6.209e-03
1.398e+00 1.591e+02 7.323e-02 7.323e-03
1.590e+00 1.591e+02 1.353e-01 1.353e-02
1.443e+00 1.591e+02 8.694e-02 8.694e-03
1.465e+00 1.591e+02 9.243e-02 9.243e-03
1.490e+00 1.591e+02 1.004e-01 1.004e-02
1.517e+00 1.591e+02 1.089e-01 1.089e-02
1.540e+00 1.591e+02 1.166e-01 1.166e-02
1.563e+00 1.591e+02 1.277e-01 1.277e-02
1.177e+00 1.591e+02 4.601e-02 4.601e-03
1.420e+00 1.591e+02 7.958e-02 7.958e-03
1.143e+00 1.591e+02 4.515e-02 4.515e-03
5.340e-01 1.591e+02 7.332e-02 7.332e-03
1.079e+00 1.591e+02 4.234e-02 4.234e-03
4.910e-01 1.591e+02 8.954e-02 8.954e-03
1.613e+00 1.591e+02 1.421e-01 1.421e-02
5.870e-01 1.591e+02 6.808e-02 6.808e-03
6.310e-01 1.591e+02 5.507e-02 5.507e-03
6.690e-01 1.591e+02 5.279e-02 5.279e-03
7.060e-01 1.591e+02 4.774e-02 4.774e-03
7.400e-01 1.591e+02 4.501e-02 4.501e-03
7.860e-01 1.591e+02 4.265e-02 4.265e-03
8.190e-01 1.591e+02 4.181e-02 4.181e-03
8.570e-01 1.591e+02 4.050e-02 4.050e-03
8.910e-01 1.591e+02 4.154e-02 4.154e-03
9.260e-01 1.591e+02 4.044e-02 4.044e-03
9.680e-01 1.591e+02 4.390e-02 4.390e-03
1.006e+00 1.591e+02 4.081e-02 4.081e-03
1.041e+00 1.591e+02 4.329e-02 4.329e-03
1.112e+00 1.591e+02 4.124e-02 4.124e-03
1.645e+00 1.591e+02 1.498e-01 1.498e-02
2.119e+00 1.591e+02 7.548e-02 7.548e-03
1.692e+00 1.591e+02 1.567e-01 1.567e-02
2.356e+00 1.591e+02 5.224e-02 5.224e-03
2.393e+00 1.591e+02 4.972e-02 4.972e-03
2.435e+00 1.591e+02 4.776e-02 4.776e-03
2.473e+00 1.591e+02 4.516e-02 4.516e-03
2.495e+00 1.591e+02 4.301e-02 4.301e-03
2.534e+00 1.591e+02 4.145e-02 4.145e-03
2.574e+00 1.591e+02 4.056e-02 4.056e-03
2.617e+00 1.591e+02 3.936e-02 3.936e-03
2.656e+00 1.591e+02 3.812e-02 3.812e-03
2.698e+00 1.591e+02 3.685e-02 3.685e-03
2.732e+00 1.591e+02 3.628e-02 3.628e-03
2.772e+00 1.591e+02 3.586e-02 3.586e-03
2.814e+00 1.591e+02 3.550e-02 3.550e-03
2.854e+00 1.591e+02 3.483e-02 3.483e-03
2.894e+00 1.591e+02 3.483e-02 3.483e-03
2.313e+00 1.591e+02 5.331e-02 5.331e-03
1.665e+00 1.591e+02 1.544e-01 1.544e-02
2.271e+00 1.591e+02 5.633e-02 5.633e-03
2.196e+00 1.591e+02 6.641e-02 6.641e-03
1.716e+00 1.591e+02 1.604e-01 1.604e-02
1.746e+00 1.591e+02 1.572e-01 1.572e-02
1.764e+00 1.591e+02 1.566e-01 1.566e-02
1.792e+00 1.591e+02 1.511e-01 1.511e-02
1.814e+00 1.591e+02 1.489e-01 1.489e-02
1.847e+00 1.591e+02 1.379e-01 1.379e-02
1.871e+00 1.591e+02 1.328e-01 1.328e-02
1.896e+00 1.591e+02 1.243e-01 1.243e-02
1.922e+00 1.591e+02 1.182e-01 1.182e-02
1.955e+00 1.591e+02 1.075e-01 1.075e-02
1.979e+00 1.591e+02 1.027e-01 1.027e-02
2.021e+00 1.591e+02 9.409e-02 9.409e-03
2.040e+00 1.591e+02 9.063e-02 9.063e-03
2.082e+00 1.591e+02 8.305e-02 8.305e-03
2.154e+00 1.591e+02 6.950e-02 6.950e-03
2.230e+00 1.591e+02 6.064e-02 6.064e-03
4.380e-01 1.591e+02 9.481e-02 9.481e-03
