2.9026	54.74	1.22E-01	6.08E-03
3.0217	54.74	1.21E-01	6.05E-03
3.0971	54.74	1.19E-01	5.94E-03
3.1927	54.74	1.29E-01	6.43E-03
3.2800	54.74	1.21E-01	6.07E-03
3.3599	54.74	1.28E-01	6.41E-03
3.4453	54.74	1.17E-01	5.87E-03
3.5428	54.74	1.31E-01	6.55E-03
3.6307	54.74	1.25E-01	6.25E-03
3.7088	54.74	1.19E-01	5.93E-03
3.7977	54.74	1.25E-01	6.23E-03
3.8982	54.74	1.25E-01	6.24E-03
3.9865	54.74	1.29E-01	6.47E-03
4.0767	54.74	1.28E-01	6.41E-03
4.1611	54.74	1.25E-01	6.25E-03
4.2495	54.74	1.30E-01	6.49E-03
4.3366	54.74	1.22E-01	6.11E-03
4.4305	54.74	1.28E-01	6.42E-03
4.5244	54.74	1.25E-01	6.25E-03
4.6109	54.74	1.26E-01	6.29E-03
4.7087	54.74	1.31E-01	6.53E-03
4.7953	54.74	1.32E-01	6.58E-03
4.8881	54.74	1.26E-01	6.29E-03
4.9774	54.74	1.23E-01	6.14E-03
5.0626	54.74	1.31E-01	6.54E-03
5.1558	54.74	1.36E-01	6.79E-03
5.2374	54.74	1.37E-01	6.83E-03
5.3329	54.74	1.36E-01	6.82E-03
5.4229	54.74	1.35E-01	6.73E-03
5.5046	54.74	1.36E-01	6.78E-03
2.7240	70.14	1.12E-01	5.60E-03
2.8148	70.14	1.12E-01	5.60E-03
2.9045	70.14	1.10E-01	5.49E-03
2.9950	70.14	1.09E-01	5.46E-03
3.0923	70.14	1.03E-01	5.16E-03
3.1826	70.14	1.02E-01	5.12E-03
3.2697	70.14	9.50E-02	4.75E-03
3.3606	70.14	1.04E-01	5.22E-03
3.4440	70.14	9.93E-02	4.97E-03
3.5393	70.14	9.88E-02	4.94E-03
3.6287	70.14	9.61E-02	4.81E-03
3.7199	70.14	9.67E-02	4.84E-03
3.8029	70.14	9.09E-02	4.54E-03
3.8936	70.14	9.07E-02	4.54E-03
3.9797	70.14	9.08E-02	4.54E-03
4.0678	70.14	9.48E-02	4.74E-03
4.1581	70.14	9.39E-02	4.70E-03
4.2456	70.14	8.74E-02	4.37E-03
4.3409	70.14	8.67E-02	4.34E-03
4.4282	70.14	8.92E-02	4.46E-03
4.5198	70.14	9.08E-02	4.54E-03
4.6092	70.14	8.81E-02	4.40E-03
4.7002	70.14	8.86E-02	4.43E-03
4.8002	70.14	8.77E-02	4.38E-03
4.8810	70.14	8.68E-02	4.34E-03
4.9739	70.14	8.17E-02	4.09E-03
5.0693	70.14	8.13E-02	4.07E-03
5.1499	70.14	8.00E-02	4.00E-03
5.2331	70.14	8.38E-02	4.19E-03
5.3355	70.14	7.85E-02	3.92E-03
5.4175	70.14	7.99E-02	3.99E-03
5.5040	70.14	8.08E-02	4.04E-03
1.6217	90	1.43E-01	7.13E-03
1.6480	90	1.48E-01	7.38E-03
1.6769	90	1.48E-01	7.41E-03
1.6970	90	1.60E-01	7.99E-03
1.7327	90	1.64E-01	8.22E-03
1.7730	90	1.69E-01	8.43E-03
1.8005	90	1.66E-01	8.31E-03
1.8239	90	1.65E-01	8.26E-03
1.8653	90	1.62E-01	8.09E-03
1.9182	90	1.53E-01	7.64E-03
1.9764	90	1.45E-01	7.24E-03
2.0339	90	1.35E-01	6.76E-03
2.0881	90	1.29E-01	6.44E-03
2.1504	90	1.19E-01	5.97E-03
2.2111	90	1.16E-01	5.82E-03
2.2695	90	1.09E-01	5.44E-03
2.3287	90	1.03E-01	5.14E-03
2.3846	90	9.98E-02	4.99E-03
2.4505	90	9.78E-02	4.89E-03
2.5307	90	9.55E-02	4.78E-03
2.6250	90	9.30E-02	4.65E-03
2.7193	90	9.04E-02	4.52E-03
2.8101	90	9.04E-02	4.52E-03
2.9056	90	9.01E-02	4.51E-03
2.9846	90	8.56E-02	4.28E-03
3.0852	90	8.61E-02	4.30E-03
3.1807	90	8.59E-02	4.30E-03
3.2671	90	8.66E-02	4.33E-03
3.3580	90	8.68E-02	4.34E-03
3.4481	90	8.54E-02	4.27E-03
3.5198	90	8.55E-02	4.27E-03
3.6201	90	8.53E-02	4.27E-03
3.7154	90	8.47E-02	4.23E-03
3.8014	90	8.45E-02	4.23E-03
3.8959	90	8.25E-02	4.12E-03
3.9766	90	8.12E-02	4.06E-03
4.0720	90	8.08E-02	4.04E-03
4.1622	90	7.96E-02	3.98E-03
4.2480	90	7.91E-02	3.95E-03
4.3431	90	7.82E-02	3.91E-03
4.4382	90	7.71E-02	3.85E-03
4.5233	90	7.53E-02	3.76E-03
4.6130	90	7.31E-02	3.65E-03
4.7021	90	6.95E-02	3.48E-03
4.7970	90	6.82E-02	3.41E-03
4.8772	90	6.59E-02	3.29E-03
4.9622	90	6.39E-02	3.20E-03
5.0526	90	6.29E-02	3.15E-03
5.1474	90	6.13E-02	3.07E-03
5.2327	90	6.00E-02	3.00E-03
5.3270	90	5.73E-02	2.86E-03
5.4121	90	5.53E-02	2.77E-03
5.5018	90	5.31E-02	2.66E-03
1.3417	109.87	7.55E-02	3.77E-03
1.4082	109.87	8.43E-02	4.21E-03
1.4654	109.87	9.34E-02	4.67E-03
1.4984	109.87	1.02E-01	5.11E-03
1.5515	109.87	1.13E-01	5.64E-03
1.6157	109.87	1.17E-01	5.85E-03
1.6478	109.87	1.24E-01	6.19E-03
1.6697	109.87	1.29E-01	6.47E-03
1.6864	109.87	1.34E-01	6.70E-03
1.7293	109.87	1.34E-01	6.69E-03
1.7653	109.87	1.29E-01	6.47E-03
1.7972	109.87	1.26E-01	6.31E-03
1.8189	109.87	1.22E-01	6.09E-03
1.8604	109.87	1.19E-01	5.94E-03
1.9164	109.87	1.07E-01	5.33E-03
1.9747	109.87	9.89E-02	4.95E-03
2.0321	109.87	8.94E-02	4.47E-03
2.0952	109.87	8.16E-02	4.08E-03
2.1509	109.87	7.85E-02	3.92E-03
2.2094	109.87	7.11E-02	3.56E-03
2.2700	109.87	6.81E-02	3.40E-03
2.3310	109.87	6.58E-02	3.29E-03
2.3960	109.87	6.20E-02	3.10E-03
2.4521	109.87	5.95E-02	2.97E-03
2.5234	109.87	5.86E-02	2.93E-03
2.6277	109.87	5.70E-02	2.85E-03
2.7334	109.87	5.80E-02	2.90E-03
2.8237	109.87	5.71E-02	2.85E-03
2.9141	109.87	5.63E-02	2.82E-03
3.0004	109.87	5.69E-02	2.84E-03
3.0970	109.87	5.88E-02	2.94E-03
3.1824	109.87	5.75E-02	2.88E-03
3.2832	109.87	5.84E-02	2.92E-03
3.3692	109.87	5.83E-02	2.92E-03
3.4557	109.87	5.94E-02	2.97E-03
3.5425	109.87	6.08E-02	3.04E-03
3.6337	109.87	6.17E-02	3.09E-03
3.7242	109.87	6.11E-02	3.06E-03
3.8159	109.87	6.28E-02	3.14E-03
3.9005	109.87	6.00E-02	3.00E-03
3.9911	109.87	5.95E-02	2.97E-03
4.0818	109.87	5.94E-02	2.97E-03
4.1726	109.87	5.93E-02	2.96E-03
4.2632	109.87	5.89E-02	2.94E-03
4.3441	109.87	5.83E-02	2.91E-03
4.4299	109.87	5.77E-02	2.89E-03
4.5203	109.87	5.70E-02	2.85E-03
4.6202	109.87	5.60E-02	2.80E-03
4.7200	109.87	5.48E-02	2.74E-03
4.8002	109.87	5.28E-02	2.64E-03
4.8993	109.87	5.02E-02	2.51E-03
4.9749	109.87	4.84E-02	2.42E-03
5.0694	109.87	4.63E-02	2.32E-03
5.1543	109.87	4.40E-02	2.20E-03
5.2447	109.87	4.31E-02	2.16E-03
5.3435	109.87	4.01E-02	2.01E-03
5.4335	109.87	3.85E-02	1.93E-03
5.5243	109.87	3.85E-02	1.92E-03
1.2350	125.27	6.15E-02	3.07E-03
1.2940	125.27	6.47E-02	3.23E-03
1.3541	125.27	7.01E-02	3.51E-03
1.4712	125.27	8.42E-02	4.21E-03
1.5270	125.27	9.98E-02	4.99E-03
1.5864	125.27	1.13E-01	5.67E-03
1.6357	125.27	1.26E-01	6.28E-03
1.6772	125.27	1.32E-01	6.60E-03
1.7427	125.27	1.39E-01	6.93E-03
1.7744	125.27	1.35E-01	6.76E-03
1.8020	125.27	1.33E-01	6.66E-03
1.8327	125.27	1.28E-01	6.38E-03
1.8617	125.27	1.19E-01	5.95E-03
1.9229	125.27	1.08E-01	5.38E-03
1.9789	125.27	9.57E-02	4.78E-03
2.0363	125.27	8.64E-02	4.32E-03
2.0890	125.27	7.72E-02	3.86E-03
2.1524	125.27	7.04E-02	3.52E-03
2.2118	125.27	6.51E-02	3.26E-03
2.2719	125.27	6.10E-02	3.05E-03
2.3273	125.27	5.71E-02	2.86E-03
2.3872	125.27	5.28E-02	2.64E-03
2.4494	125.27	5.30E-02	2.65E-03
2.5339	125.27	5.01E-02	2.50E-03
2.6341	125.27	4.96E-02	2.48E-03
2.7242	125.27	4.83E-02	2.42E-03
2.8049	125.27	4.72E-02	2.36E-03
2.9102	125.27	4.75E-02	2.38E-03
2.9912	125.27	4.69E-02	2.35E-03
3.0967	125.27	4.77E-02	2.39E-03
3.1786	125.27	4.90E-02	2.45E-03
3.2699	125.27	4.98E-02	2.49E-03
3.3659	125.27	5.08E-02	2.54E-03
3.4475	125.27	5.15E-02	2.57E-03
3.5330	125.27	5.05E-02	2.52E-03
3.6293	125.27	5.18E-02	2.59E-03
3.7165	125.27	5.40E-02	2.70E-03
3.8025	125.27	5.40E-02	2.70E-03
3.8941	125.27	5.55E-02	2.78E-03
3.9801	125.27	5.55E-02	2.78E-03
4.0709	125.27	5.55E-02	2.77E-03
4.1529	125.27	5.70E-02	2.85E-03
4.2482	125.27	5.65E-02	2.83E-03
4.3379	125.27	5.42E-02	2.71E-03
4.4195	125.27	5.49E-02	2.74E-03
4.5242	125.27	5.40E-02	2.70E-03
4.6092	125.27	5.21E-02	2.60E-03
4.6995	125.27	5.09E-02	2.55E-03
4.7895	125.27	4.95E-02	2.47E-03
4.8703	125.27	4.86E-02	2.43E-03
4.9656	125.27	4.81E-02	2.40E-03
5.0503	125.27	4.54E-02	2.27E-03
5.1401	125.27	4.34E-02	2.17E-03
5.2294	125.27	4.04E-02	2.02E-03
5.3247	125.27	3.99E-02	1.99E-03
5.4097	125.27	3.79E-02	1.90E-03
5.4949	125.27	3.63E-02	1.82E-03
1.2230	146.77	5.82E-02	2.91E-03
1.3483	146.77	6.96E-02	3.48E-03
1.4068	146.77	8.10E-02	4.05E-03
1.4568	146.77	9.46E-02	4.73E-03
1.5273	146.77	1.11E-01	5.56E-03
1.5861	146.77	1.32E-01	6.62E-03
1.6137	146.77	1.40E-01	6.99E-03
1.6429	146.77	1.50E-01	7.50E-03
1.6840	146.77	1.56E-01	7.78E-03
1.7090	146.77	1.58E-01	7.89E-03
1.7429	146.77	1.59E-01	7.93E-03
1.7748	146.77	1.56E-01	7.78E-03
1.8001	146.77	1.49E-01	7.45E-03
1.8180	146.77	1.37E-01	6.87E-03
1.8574	146.77	1.40E-01	6.98E-03
1.9137	146.77	1.19E-01	5.94E-03
1.9721	146.77	1.02E-01	5.12E-03
2.0315	146.77	8.77E-02	4.39E-03
2.0946	146.77	8.02E-02	4.01E-03
2.1519	146.77	7.09E-02	3.55E-03
2.2105	146.77	6.40E-02	3.20E-03
2.2693	146.77	5.75E-02	2.88E-03
2.3293	146.77	5.33E-02	2.66E-03
2.4510	146.77	4.83E-02	2.41E-03
2.5357	146.77	4.56E-02	2.28E-03
2.6300	146.77	4.32E-02	2.16E-03
2.7246	146.77	4.13E-02	2.07E-03
2.8155	146.77	4.14E-02	2.07E-03
2.9023	146.77	4.28E-02	2.14E-03
2.9878	146.77	4.20E-02	2.10E-03
3.0879	146.77	4.13E-02	2.07E-03
3.1838	146.77	4.19E-02	2.10E-03
3.2699	146.77	4.21E-02	2.11E-03
3.3571	146.77	4.44E-02	2.22E-03
3.4388	146.77	4.53E-02	2.27E-03
3.5349	146.77	4.63E-02	2.31E-03
3.6210	146.77	4.63E-02	2.32E-03
3.7084	146.77	4.91E-02	2.45E-03
3.7948	146.77	4.98E-02	2.49E-03
3.8915	146.77	5.20E-02	2.60E-03
3.9777	146.77	5.24E-02	2.62E-03
4.0590	146.77	5.23E-02	2.62E-03
4.1545	146.77	5.22E-02	2.61E-03
4.2415	146.77	5.42E-02	2.71E-03
4.3378	146.77	5.55E-02	2.78E-03
4.4282	146.77	5.48E-02	2.74E-03
4.5241	146.77	5.55E-02	2.77E-03
4.6094	146.77	5.40E-02	2.70E-03
4.7044	146.77	5.27E-02	2.64E-03
4.7901	146.77	5.22E-02	2.61E-03
4.8750	146.77	4.99E-02	2.50E-03
4.9654	146.77	4.92E-02	2.46E-03
5.0609	146.77	4.90E-02	2.45E-03
5.1415	146.77	4.78E-02	2.39E-03
5.2362	146.77	4.59E-02	2.30E-03
5.3263	146.77	4.46E-02	2.23E-03
5.4116	146.77	4.31E-02	2.16E-03
5.5015	146.77	4.14E-02	2.07E-03
1.2307	149.45	5.59E-02	2.80E-03
1.2910	149.45	6.16E-02	3.08E-03
1.3518	149.45	6.84E-02	3.42E-03
1.4066	149.45	8.20E-02	4.10E-03
1.4620	149.45	9.68E-02	4.84E-03
1.5289	149.45	1.15E-01	5.77E-03
1.5775	149.45	1.35E-01	6.77E-03
1.6118	149.45	1.46E-01	7.32E-03
1.6343	149.45	1.53E-01	7.65E-03
1.6724	149.45	1.62E-01	8.11E-03
1.7024	149.45	1.65E-01	8.23E-03
1.7334	149.45	1.69E-01	8.46E-03
1.7644	149.45	1.64E-01	8.22E-03
1.7861	149.45	1.60E-01	8.00E-03
1.8245	149.45	1.51E-01	7.56E-03
1.8531	149.45	1.42E-01	7.09E-03
1.9123	149.45	1.27E-01	6.33E-03
1.9745	149.45	1.08E-01	5.42E-03
2.0256	149.45	9.60E-02	4.80E-03
2.0857	149.45	8.28E-02	4.14E-03
2.1478	149.45	7.33E-02	3.67E-03
2.2111	149.45	6.63E-02	3.32E-03
2.2661	149.45	6.17E-02	3.09E-03
2.3253	149.45	5.62E-02	2.81E-03
2.3809	149.45	5.28E-02	2.64E-03
2.4465	149.45	5.01E-02	2.51E-03
2.5350	149.45	4.56E-02	2.28E-03
2.6286	149.45	4.17E-02	2.09E-03
2.7188	149.45	4.05E-02	2.02E-03
2.8094	149.45	4.01E-02	2.01E-03
2.8998	149.45	3.94E-02	1.97E-03
2.9855	149.45	3.88E-02	1.94E-03
3.0866	149.45	4.03E-02	2.01E-03
3.1773	149.45	4.00E-02	2.00E-03
3.2684	149.45	4.06E-02	2.03E-03
3.3547	149.45	4.10E-02	2.05E-03
3.4470	149.45	4.40E-02	2.20E-03
3.5336	149.45	4.52E-02	2.26E-03
3.6253	149.45	4.68E-02	2.34E-03
3.7117	149.45	4.75E-02	2.38E-03
3.7986	149.45	4.92E-02	2.46E-03
3.8954	149.45	5.17E-02	2.58E-03
3.9823	149.45	5.32E-02	2.66E-03
4.0690	149.45	5.46E-02	2.73E-03
4.1651	149.45	5.56E-02	2.78E-03
4.2470	149.45	5.69E-02	2.84E-03
4.3428	149.45	5.72E-02	2.86E-03
4.4327	149.45	5.55E-02	2.77E-03
4.5199	149.45	5.79E-02	2.89E-03
4.6105	149.45	5.74E-02	2.87E-03
4.7107	149.45	5.71E-02	2.85E-03
4.7970	149.45	5.77E-02	2.88E-03
4.8826	149.45	5.67E-02	2.83E-03
4.9719	149.45	5.37E-02	2.69E-03
5.0625	149.45	5.35E-02	2.67E-03
5.1434	149.45	5.27E-02	2.64E-03
5.2382	149.45	5.11E-02	2.56E-03
5.3293	149.45	5.17E-02	2.58E-03
5.4082	149.45	4.72E-02	2.36E-03
5.5034	149.45	4.65E-02	2.32E-03
1.2216	168.65	5.53E-02	2.76E-03
1.3413	168.65	7.51E-02	3.75E-03
1.4016	168.65	9.06E-02	4.53E-03
1.4575	168.65	1.07E-01	5.35E-03
1.5193	168.65	1.26E-01	6.29E-03
1.5809	168.65	1.54E-01	7.69E-03
1.6153	168.65	1.65E-01	8.26E-03
1.6483	168.65	1.74E-01	8.70E-03
1.6707	168.65	1.81E-01	9.03E-03
1.6999	168.65	1.82E-01	9.09E-03
1.7345	168.65	1.84E-01	9.20E-03
1.7616	168.65	1.81E-01	9.04E-03
1.7928	168.65	1.76E-01	8.81E-03
1.8038	168.65	1.69E-01	8.47E-03
1.8465	168.65	1.59E-01	7.96E-03
1.9075	168.65	1.38E-01	6.88E-03
1.9706	168.65	1.20E-01	6.01E-03
2.0254	168.65	1.05E-01	5.27E-03
2.0799	168.65	9.00E-02	4.50E-03
2.1459	168.65	7.85E-02	3.92E-03
2.2010	168.65	7.39E-02	3.70E-03
2.2734	168.65	6.56E-02	3.28E-03
2.3284	168.65	6.08E-02	3.04E-03
2.3827	168.65	5.47E-02	2.73E-03
2.4439	168.65	5.28E-02	2.64E-03
2.5318	168.65	4.69E-02	2.35E-03
2.6226	168.65	4.70E-02	2.35E-03
2.7172	168.65	4.50E-02	2.25E-03
2.8966	168.65	4.04E-02	2.02E-03
2.9826	168.65	4.03E-02	2.01E-03
3.0822	168.65	3.89E-02	1.94E-03
3.1691	168.65	4.06E-02	2.03E-03
3.2600	168.65	4.07E-02	2.03E-03
3.3465	168.65	4.16E-02	2.08E-03
3.4424	168.65	4.23E-02	2.12E-03
3.5286	168.65	4.28E-02	2.14E-03
3.6158	168.65	4.51E-02	2.25E-03
3.7032	168.65	4.77E-02	2.39E-03
3.7996	168.65	4.96E-02	2.48E-03
3.8867	168.65	5.16E-02	2.58E-03
3.9737	168.65	5.37E-02	2.68E-03
4.0654	168.65	5.55E-02	2.77E-03
4.1576	168.65	5.83E-02	2.91E-03
4.2502	168.65	6.18E-02	3.09E-03
4.3365	168.65	6.25E-02	3.12E-03
4.4239	168.65	6.53E-02	3.26E-03
4.5200	168.65	6.62E-02	3.31E-03
4.6108	168.65	6.62E-02	3.31E-03
4.7016	168.65	6.63E-02	3.31E-03
4.7973	168.65	6.64E-02	3.32E-03
4.8782	168.65	6.57E-02	3.29E-03
4.9679	168.65	6.34E-02	3.17E-03
5.0621	168.65	6.07E-02	3.03E-03
5.1476	168.65	5.95E-02	2.98E-03
5.2381	168.65	5.90E-02	2.95E-03
5.3282	168.65	5.75E-02	2.88E-03
5.4185	168.65	5.65E-02	2.82E-03
5.5035	168.65	5.44E-02	2.72E-03

