0.4950	70.68	5.44E-01	2.18E-02
0.5943	70.68	3.98E-01	1.59E-02
0.6924	70.68	3.08E-01	1.23E-02
0.7916	70.68	2.55E-01	1.02E-02
0.8920	70.68	2.08E-01	8.32E-03
0.9889	70.68	1.64E-01	6.56E-03
1.0870	70.68	1.38E-01	5.52E-03
1.1862	70.68	1.08E-01	4.32E-03
1.2855	70.68	9.61E-02	3.84E-03
1.3859	70.68	9.06E-02	3.62E-03
1.4851	70.68	9.62E-02	3.85E-03
1.5855	70.68	1.13E-01	4.52E-03
1.6813	70.68	1.51E-01	6.04E-03
1.7805	70.68	1.74E-01	6.96E-03
1.8786	70.68	1.77E-01	7.08E-03
1.9755	70.68	1.67E-01	6.68E-03
2.0759	70.68	1.52E-01	6.08E-03
2.1740	70.68	1.39E-01	5.56E-03
2.2732	70.68	1.30E-01	5.20E-03
2.3725	70.68	1.19E-01	4.76E-03
2.4705	70.68	1.11E-01	4.44E-03
2.4005	90	9.07E-02	2.72E-03
0.4950	90.7	2.52E-01	1.01E-02
0.5943	90.7	1.87E-01	7.48E-03
0.6924	90.7	1.43E-01	5.72E-03
0.7916	90.7	1.19E-01	4.76E-03
0.8920	90.7	1.01E-01	4.04E-03
0.9889	90.7	8.79E-02	3.52E-03
1.0870	90.7	7.79E-02	3.12E-03
1.1862	90.7	7.37E-02	2.95E-03
1.2855	90.75	7.02E-02	2.81E-03
1.3859	90.75	7.05E-02	2.82E-03
1.4851	90.75	8.08E-02	3.23E-03
1.5855	90.75	9.64E-02	3.86E-03
1.6813	90.75	1.16E-01	4.64E-03
1.7805	90.75	1.24E-01	4.96E-03
1.8786	90.75	1.19E-01	4.76E-03
1.9755	90.75	1.06E-01	4.24E-03
2.0759	90.75	9.55E-02	3.82E-03
2.1740	90.75	8.72E-02	3.49E-03
2.2732	90.75	7.98E-02	3.19E-03
2.3725	90.75	7.61E-02	3.04E-03
2.4705	90.75	7.24E-02	2.90E-03
2.4005	109.87	6.16E-02	1.85E-03
0.4950	110.47	1.52E-01	4.56E-03
0.5943	110.47	1.23E-01	3.69E-03
0.6924	110.47	8.50E-02	2.55E-03
0.7916	110.47	7.75E-02	2.33E-03
0.8920	110.47	6.65E-02	2.00E-03
0.9889	110.47	6.32E-02	1.90E-03
1.0870	110.47	6.05E-02	1.82E-03
1.1862	110.47	6.04E-02	1.81E-03
1.2855	110.8	5.88E-02	1.76E-03
1.3859	110.8	6.39E-02	1.92E-03
1.4851	110.8	7.57E-02	2.27E-03
1.5855	110.8	9.48E-02	2.84E-03
1.6813	110.8	1.11E-01	3.33E-03
1.7805	110.8	1.15E-01	3.45E-03
1.8786	110.8	1.01E-01	3.03E-03
1.9755	110.8	8.85E-02	2.66E-03
2.0759	110.8	7.47E-02	2.24E-03
2.1740	110.8	6.45E-02	1.94E-03
2.2732	110.8	5.74E-02	1.72E-03
2.3725	110.8	5.55E-02	1.67E-03
2.4705	110.8	5.25E-02	1.58E-03
2.4005	125.27	5.58E-02	1.67E-03
0.4950	125.48	1.14E-01	3.42E-03
0.5943	125.48	8.72E-02	2.62E-03
0.6924	125.48	6.92E-02	2.08E-03
0.7916	125.48	6.29E-02	1.89E-03
0.8920	125.48	5.48E-02	1.64E-03
0.9889	125.48	5.28E-02	1.58E-03
1.0870	125.48	5.13E-02	1.54E-03
1.1862	125.48	5.45E-02	1.64E-03
1.2855	126.1	5.65E-02	1.70E-03
1.3859	126.1	6.54E-02	1.96E-03
1.4851	126.1	8.28E-02	2.48E-03
1.5855	126.1	1.03E-01	3.09E-03
1.6813	126.1	1.20E-01	3.60E-03
1.7805	126.1	1.21E-01	3.63E-03
1.8786	126.1	1.01E-01	3.03E-03
1.9755	126.1	8.26E-02	2.48E-03
2.0759	126.1	6.95E-02	2.09E-03
2.1740	126.1	5.84E-02	1.75E-03
2.2732	126.1	5.23E-02	1.57E-03
2.3725	126.1	4.78E-02	1.43E-03
2.4705	126.1	4.45E-02	1.34E-03
0.4950	140.03	8.88E-02	2.66E-03
0.5943	140.03	7.30E-02	2.19E-03
0.6924	140.03	5.64E-02	1.69E-03
0.7916	140.03	5.33E-02	1.60E-03
0.8920	140.03	4.91E-02	1.47E-03
0.9889	140.03	4.68E-02	1.40E-03
1.0870	140.03	4.62E-02	1.39E-03
1.1862	140.03	5.01E-02	1.50E-03
1.2855	140.88	5.63E-02	1.69E-03
1.3859	140.88	7.06E-02	2.12E-03
1.4851	140.88	9.04E-02	2.71E-03
1.5855	140.88	1.17E-01	3.51E-03
1.6813	140.88	1.38E-01	4.14E-03
1.7805	140.88	1.34E-01	4.02E-03
1.8786	140.88	1.14E-01	3.42E-03
1.9755	140.88	8.89E-02	2.67E-03
2.0759	140.88	7.42E-02	2.23E-03
2.1740	140.88	6.12E-02	1.84E-03
2.2732	140.88	5.14E-02	1.54E-03
2.3725	140.88	4.02E-02	1.21E-03
2.4705	140.88	4.19E-02	1.26E-03
2.4005	146.77	5.14E-02	1.54E-03
2.4005	149.4	5.28E-02	1.58E-03
1.1862	159.12	4.03E-02	1.21E-03
1.2855	159.12	5.56E-02	1.67E-03
1.3859	159.12	7.12E-02	2.14E-03
1.4851	159.12	9.88E-02	2.96E-03
1.5855	159.12	1.34E-01	4.02E-03
1.6813	159.12	1.57E-01	4.71E-03
1.7805	159.12	1.54E-01	4.62E-03
1.8786	159.12	1.30E-01	3.90E-03
1.9755	159.12	1.04E-01	3.12E-03
2.0759	159.12	8.32E-02	2.50E-03
2.1740	159.12	6.73E-02	2.02E-03
2.2732	159.12	5.64E-02	1.69E-03
2.3725	159.12	5.02E-02	1.51E-03
2.4705	159.12	4.04E-02	1.21E-03
0.4950	159.53	7.87E-02	2.36E-03
0.5943	159.53	6.30E-02	1.89E-03
0.6924	159.53	4.70E-02	1.41E-03
0.7916	159.53	4.29E-02	1.29E-03
0.8920	159.53	4.05E-02	1.22E-03
0.9889	159.53	4.25E-02	1.28E-03
1.0870	159.53	4.22E-02	1.27E-03
2.4005	168.65	5.56E-02	1.67E-03

