4.634	39.2	0.542	0.016264411
4.735	39.2	0.542	0.016264411
4.836	39.2	0.543	0.016283671
4.936	39.2	0.534	0.016015013
4.986	39.2	0.538	0.01614959
5.037	39.2	0.549	0.01647537
5.087	39.2	0.574	0.017223644
5.137	39.2	0.598	0.017933479
5.188	39.2	0.633	0.018988274
5.238	39.2	0.654	0.019621151
5.288	39.2	0.642	0.019256931
5.339	39.2	0.606	0.018182877
5.389	39.2	0.575	0.017242903
5.439	39.2	0.559	0.016763287
5.691	39.2	0.492	0.014768439
5.942	39.2	0.467	0.014001561
6.194	39.2	0.454	0.013618082
6.445	39.2	0.437	0.013119206
6.696	39.2	0.427	0.01281211
6.948	39.2	0.417	0.012505589
7.199	39.2	0.401	0.012025972
7.45	39.2	0.397	0.011910575
7.702	39.2	0.394	0.011815013
7.953	39.2	0.403	0.01208367
8.204	39.2	0.413	0.012390192
8.455	39.2	0.397	0.011910575
8.706	39.2	0.394	0.011815013
8.957	39.2	0.373	0.011182136
9.208	39.2	0.349	0.010472302
9.459	39.2	0.325	0.009743287
9.71	39.2	0.308	0.009244987
9.961	39.2	0.293	0.008784629
10.211	39.2	0.285	0.008554411
10.462	39.2	0.268	0.008036356
10.713	39.2	0.258	0.007748439
10.964	39.2	0.252	0.007556739
11.214	39.2	0.24	0.00719252
11.465	39.2	0.229	0.006866164
11.715	39.2	0.229	0.006866164
11.966	39.2	0.22	0.006598082
12.217	39.2	0.217	0.006501944
12.467	39.2	0.21	0.006290985
12.717	39.2	0.203	0.006099206
12.968	39.2	0.2	0.006003069
13.218	39.2	0.194	0.005811369
13.469	39.2	0.18	0.005408631
13.719	39.2	0.18	0.005408631
13.97	39.2	0.18	0.005408631
14.22	39.2	0.169	0.00506367
14.47	39.2	0.158	0.004737315
14.721	39.2	0.1536	0.004603397
14.872	39.2	0.1528	0.004583808
15.375	39.2	0.141	0.004239015
15.878	39.2	0.1316	0.003951261
16.38	39.2	0.1184	0.003548356
16.883	39.2	0.1147	0.003433328
17.386	39.2	0.1093	0.003279575
17.888	39.2	0.1032	0.003087753
4.634	47	0.35	0.010505652
4.735	47	0.349	0.010467076
4.836	47	0.345	0.01035
4.936	47	0.339	0.010174678
4.986	47	0.333	0.009998771
5.037	47	0.333	0.009998771
5.087	47	0.305	0.009141424
5.137	47	0.292	0.008751619
5.188	47	0.258	0.007737856
5.238	47	0.227	0.006802593
5.288	47	0.218	0.006549356
5.339	47	0.227	0.006802593
5.389	47	0.244	0.007328966
5.439	47	0.251	0.007523373
5.691	47	0.277	0.008303568
5.942	47	0.278	0.008342144
6.194	47	0.278	0.008342144
6.445	47	0.272	0.008166822
6.696	47	0.266	0.007972009
6.948	47	0.26	0.007796686
7.199	47	0.255	0.007640449
7.45	47	0.246	0.007387212
7.702	47	0.24	0.007192398
7.953	47	0.226	0.006782924
8.204	47	0.216	0.006471034
8.455	47	0.195	0.005847661
8.706	47	0.18	0.005399025
8.957	47	0.164	0.004911814
9.208	47	0.154	0.004619415
9.459	47	0.148	0.004444093
9.71	47	0.146	0.004385262
9.961	47	0.144	0.004327017
10.211	47	0.149	0.004463762
10.462	47	0.143	0.004287856
10.713	47	0.139	0.004171364
10.964	47	0.137	0.004112534
11.214	47	0.134	0.004015127
11.465	47	0.135	0.004054288
11.715	47	0.133	0.003995457
11.966	47	0.132	0.003956881
12.217	47	0.127	0.003800645
12.467	47	0.121	0.003625322
12.717	47	0.109	0.003274678
12.968	47	0.103	0.003099357
13.218	47	0.094	0.002826042
13.469	47	0.09	0.002709552
13.719	47	0.091	0.002728636
13.97	47	0.092	0.002767797
14.22	47	0.089	0.00267039
14.47	47	0.09	0.002709552
14.721	47	0.0861	0.002592552
4.634	54.7	0.2454	0.007364183
4.735	54.7	0.2451	0.007344861
4.836	54.7	0.2442	0.007324809
4.936	54.7	0.2326	0.006987131
4.986	54.7	0.1886	0.005657404
5.037	54.7	0.214	0.006411465
5.087	54.7	0.1878	0.005637374
5.137	54.7	0.154	0.004625161
5.188	54.7	0.0978	0.002937771
5.238	54.7	0.0581	0.001746771
5.288	54.7	0.0584	0.001746839
5.339	54.7	0.0822	0.002461434
5.389	54.7	0.1054	0.003156045
5.439	54.7	0.1301	0.003910543
5.691	54.7	0.1758	0.005280352
5.942	54.7	0.18	0.005399206
6.194	54.7	0.1895	0.005677457
6.445	54.7	0.1803	0.005399273
6.696	54.7	0.1828	0.00547864
6.948	54.7	0.1759	0.005280375
7.199	54.7	0.1657	0.004962266
7.45	54.7	0.1584	0.00474406
7.702	54.7	0.1443	0.00432761
7.953	54.7	0.1263	0.003791183
8.204	54.7	0.1045	0.003136588
8.455	54.7	0.0806	0.00242197
8.706	54.7	0.0671	0.002005059
8.957	54.7	0.0584	0.001746839
9.208	54.7	0.0629	0.001885611
9.459	54.7	0.0701	0.00210439
9.71	54.7	0.075	0.00224325
9.961	54.7	0.0784	0.002342076
10.211	54.7	0.078	0.002342581
10.462	54.7	0.081	0.002421465
10.713	54.7	0.0851	0.002560742
10.964	54.7	0.0887	0.002660206
11.214	54.7	0.0883	0.002640265
11.465	54.7	0.0866	0.002600183
11.715	54.7	0.0858	0.00258075
11.966	54.7	0.0818	0.002461344
12.217	54.7	0.0758	0.002282535
12.467	54.7	0.0696	0.002084427
12.717	54.7	0.0611	0.001826251
12.968	54.7	0.052	0.001567939
13.218	54.7	0.0508	0.001528566
13.469	54.7	0.0526	0.001568075
13.719	54.7	0.0558	0.001667449
13.97	54.7	0.058	0.001746749
14.22	54.7	0.0586	0.001766734
14.47	54.7	0.061	0.001826228
14.721	54.7	0.0606	0.001826138
14.872	54.7	0.0583	0.001746816
4.634	63.4	0.159	0.00477264
4.735	63.4	0.1561	0.00469153
4.836	63.4	0.1518	0.004549532
4.936	63.4	0.1412	0.004244937
4.986	63.4	0.1357	0.004062266
5.037	63.4	0.1234	0.003696313
5.087	63.4	0.1003	0.003006156
5.137	63.4	0.0688	0.002071311
5.238	63.4	0.0042	0.000121739
5.288	63.4	0.0109	0.000324767
5.339	63.4	0.0339	0.001015578
5.389	63.4	0.0572	0.00170625
5.439	63.4	0.0736	0.002213687
5.691	63.4	0.1073	0.003209048
5.942	63.4	0.1204	0.00361525
6.194	63.4	0.1213	0.00363575
6.445	63.4	0.1182	0.003554124
6.696	63.4	0.1154	0.003452658
6.948	63.4	0.1059	0.00316847
7.199	63.4	0.104	0.003127514
7.45	63.4	0.0904	0.002721546
7.702	63.4	0.0757	0.002274859
7.953	63.4	0.0589	0.001767
8.204	63.4	0.0379	0.001137406
8.455	63.4	0.0207	0.000629735
8.706	63.4	0.0126	0.000386129
8.957	63.4	0.0146	0.000446732
9.208	63.4	0.0234	0.000710938
9.459	63.4	0.0327	0.000974907
9.71	63.4	0.0393	0.001177984
9.961	63.4	0.0426	0.001279828
10.211	63.4	0.0486	0.001462265
10.462	63.4	0.051	0.001523297
10.713	63.4	0.0558	0.001665672
10.964	63.4	0.0582	0.001746406
11.214	63.4	0.0565	0.001685658
11.465	63.4	0.0561	0.001685844
11.715	63.4	0.0541	0.001624625
11.966	63.4	0.0517	0.001543284
12.217	63.4	0.0441	0.001320359
12.467	63.4	0.0383	0.001157529
12.717	63.4	0.0316	0.000954499
13.218	63.4	0.0304	0.000913828
13.469	63.4	0.0349	0.001056345
13.719	63.4	0.04	0.001198578
13.97	63.4	0.0422	0.001259095
14.22	63.4	0.0449	0.001340299
14.47	63.4	0.0458	0.001381109
14.721	63.4	0.0481	0.001442188
14.872	63.4	0.0468	0.001401563
4.634	70.1	0.1122	0.003373036
4.735	70.1	0.1112	0.003331448
4.836	70.1	0.1031	0.003083481
4.936	70.1	0.0983	0.002959347
4.986	70.1	0.0904	0.002710552
5.037	70.1	0.0814	0.002441586
5.087	70.1	0.0705	0.002110655
5.137	70.1	0.0511	0.001531551
5.188	70.1	0.0298	0.000889861
5.238	70.1	0.0204	0.00062069
5.288	70.1	0.032	0.000952135
5.339	70.1	0.0461	0.001386311
5.389	70.1	0.0607	0.001821207
5.439	70.1	0.0703	0.002110863
5.691	70.1	0.09	0.002690274
5.942	70.1	0.0931	0.002793621
6.194	70.1	0.0888	0.002669588
6.445	70.1	0.0888	0.002669588
6.696	70.1	0.0855	0.002565828
6.948	70.1	0.0783	0.002358932
7.199	70.1	0.0712	0.002131241
7.45	70.1	0.0651	0.001945137
7.702	70.1	0.0544	0.00163469
7.953	70.1	0.0393	0.001179621
8.204	70.1	0.0263	0.00078631
8.455	70.1	0.0169	0.000517136
8.706	70.1	0.0124	0.000372621
8.957	70.1	0.018	0.000537931
9.208	70.1	0.025	0.000745033
9.459	70.1	0.0317	0.000951828
9.71	70.1	0.0348	0.001034483
9.961	70.1	0.0387	0.00115893
10.211	70.1	0.0426	0.001282759
10.462	70.1	0.0465	0.001386515
10.713	70.1	0.0479	0.001427689
10.964	70.1	0.0491	0.001469069
11.214	70.1	0.0479	0.001427689
11.465	70.1	0.046	0.001386415
11.715	70.1	0.0451	0.001345342
11.966	70.1	0.0416	0.001241791
12.217	70.1	0.0348	0.001034483
12.467	70.1	0.0302	0.000910761
12.717	70.1	0.0247	0.000744724
12.968	70.1	0.0247	0.000744724
13.218	70.1	0.0256	0.000765724
13.469	70.1	0.0303	0.000910656
13.719	70.1	0.0321	0.000972727
13.97	70.1	0.0349	0.001055068
14.22	70.1	0.0383	0.001158725
14.47	70.1	0.0413	0.001241483
14.721	70.1	0.0406	0.001220897
14.872	70.1	0.0394	0.001179517
4.634	77	0.0806	0.00242644
4.735	77	0.0771	0.002321018
4.836	77	0.0738	0.002215266
4.936	77	0.0713	0.002131193
4.986	77	0.0685	0.002046981
5.037	77	0.0664	0.001983349
5.087	77	0.0622	0.001856716
5.137	77	0.056	0.001688018
5.188	77	0.0572	0.001709037
5.238	77	0.0601	0.001793715
5.288	77	0.0685	0.002046981
5.339	77	0.0751	0.002257853
5.389	77	0.0788	0.002362945
5.439	77	0.0796	0.002383992
5.691	77	0.0794	0.002384321
5.942	77	0.0766	0.00230011
6.194	77	0.0718	0.002152101
6.445	77	0.0663	0.001983514
6.696	77	0.0653	0.001962165
6.948	77	0.0631	0.001898696
7.199	77	0.0604	0.001814321
7.45	77	0.0545	0.001624661
7.702	77	0.0467	0.00139277
7.953	77	0.0419	0.001265861
8.204	77	0.0379	0.001139532
8.455	77	0.0332	0.00099199
8.706	77	0.0334	0.000991661
8.957	77	0.0352	0.001055156
9.208	77	0.04	0.001202532
9.459	77	0.0404	0.001202507
9.71	77	0.04	0.001202532
9.961	77	0.0427	0.001286907
10.211	77	0.0441	0.00132933
10.462	77	0.0433	0.001308285
10.713	77	0.0433	0.001308285
10.964	77	0.0433	0.001308285
11.214	77	0.0425	0.001266137
11.465	77	0.0395	0.001181624
11.715	77	0.0388	0.001160413
11.966	77	0.0364	0.001097275
12.217	77	0.0343	0.001033641
12.467	77	0.0294	0.000886432
12.717	77	0.0269	0.000801725
12.968	77	0.0243	0.000738281
13.218	77	0.0234	0.000696303
13.469	77	0.0256	0.000759769
13.719	77	0.0267	0.000802055
13.97	77	0.0282	0.00084368
14.22	77	0.0301	0.000907008
14.47	77	0.0299	0.000907339
14.721	77	0.0287	0.000865221
14.872	77	0.028	0.000844009
4.634	80	0.0666	0.001999489
4.735	80	0.0654	0.001957319
4.836	80	0.0619	0.001850619
4.936	80	0.062	0.001851064
4.986	80	0.0607	0.001829723
5.037	80	0.0627	0.001872277
5.087	80	0.0621	0.001872148
5.137	80	0.069	0.00206383
5.188	80	0.0775	0.002318831
5.238	80	0.0854	0.002553064
5.288	80	0.0899	0.00270168
5.339	80	0.0923	0.002765384
5.389	80	0.0864	0.002595617
5.439	80	0.0825	0.002467767
5.691	80	0.075	0.002255319
5.942	80	0.0718	0.002148681
6.194	80	0.0675	0.002020958
6.445	80	0.0658	0.001978468
6.696	80	0.062	0.001851064
6.948	80	0.0594	0.001787106
7.199	80	0.0563	0.001680915
7.45	80	0.054	0.001617021
7.702	80	0.0478	0.001425278
7.953	80	0.0466	0.001404384
8.204	80	0.0476	0.001425659
8.455	80	0.0462	0.001382597
8.706	80	0.0471	0.001404065
8.957	80	0.0471	0.001404065
9.208	80	0.0484	0.001446681
9.459	80	0.0451	0.001361509
9.71	80	0.0442	0.001318768
9.961	80	0.0451	0.001361509
10.211	80	0.0448	0.001340171
10.462	80	0.0452	0.001361318
10.713	80	0.043	0.001297872
10.964	80	0.0445	0.001340105
11.214	80	0.0409	0.001233593
11.465	80	0.0375	0.00112734
11.715	80	0.0378	0.001127406
11.966	80	0.0353	0.001063894
12.217	80	0.0335	0.000999683
12.467	80	0.0319	0.000957638
12.717	80	0.0269	0.000808703
12.968	80	0.0237	0.000702065
4.936	85.26	0.0575	0.001725431
4.986	85.26	0.0566	0.00170339
5.037	85.26	0.0644	0.001941058
5.087	85.26	0.0704	0.002113078
5.137	85.26	0.0841	0.002523
5.188	85.26	0.105	0.00314849
5.238	85.26	0.1188	0.003558178
5.288	85.26	0.1144	0.003428765
5.339	85.26	0.1094	0.003277903
5.389	85.26	0.0965	0.002889609
5.439	85.26	0.0889	0.002674333
5.691	85.26	0.0704	0.002113078
5.942	85.26	0.0618	0.001854431
6.194	85.26	0.0583	0.001747059
6.445	85.26	0.0561	0.001682353
6.696	85.26	0.0526	0.001574334
6.948	85.26	0.0524	0.001574156
7.199	85.26	0.051	0.001531078
7.45	85.26	0.0499	0.001487943
7.702	85.26	0.0527	0.0015741
7.953	85.26	0.0551	0.001660548
8.204	85.26	0.0575	0.001725431
8.455	85.26	0.0599	0.001789669
8.706	85.26	0.0611	0.001833216
8.957	85.26	0.0597	0.001790137
9.208	85.26	0.0529	0.001595842
10.211	85.26	0.0463	0.001380158
10.462	85.26	0.0442	0.00131522
10.713	85.26	0.0408	0.001229175
10.964	85.26	0.0383	0.001142962
11.214	85.26	0.0364	0.001099763
11.465	85.26	0.0369	0.001099883
11.715	85.26	0.0357	0.00107855
11.966	85.26	0.0334	0.000991866
12.217	85.26	0.0309	0.000927216
12.467	85.26	0.03	0.000905823
12.717	85.26	0.0278	0.000841117
12.968	85.26	0.024	0.00071159
13.218	85.26	0.0215	0.000646941
13.469	85.26	0.02	0.000604099
13.719	85.26	0.0184	0.000560844
13.97	85.26	0.0169	0.000517347
14.22	85.26	0.0158	0.000474216
14.47	85.26	0.0163	0.000495899
14.721	85.26	0.0171	0.000517528
4.634	90	0.0494	0.001481782
4.735	90	0.046	0.001372809
4.836	90	0.0526	0.001569499
4.936	90	0.0586	0.001765192
4.986	90	0.0659	0.001983102
5.037	90	0.0747	0.002245142
5.087	90	0.0871	0.002615616
5.137	90	0.116	0.003487411
5.188	90	0.1419	0.004249808
5.238	90	0.1516	0.004554974
5.288	90	0.1423	0.004271833
5.339	90	0.1182	0.003552757
5.389	90	0.1011	0.003029295
5.439	90	0.0902	0.002702295
5.691	90	0.0596	0.00178691
5.942	90	0.0539	0.001612859
6.194	90	0.0478	0.001438577
6.445	90	0.0468	0.001395063
6.696	90	0.0437	0.001307731
6.948	90	0.0473	0.00141682
7.199	90	0.0461	0.001373191
7.45	90	0.0508	0.001525526
7.702	90	0.0543	0.001634886
7.953	90	0.062	0.001852373
8.204	90	0.0685	0.00204868
8.455	90	0.0704	0.00211418
8.706	90	0.0724	0.00217941
8.957	90	0.0675	0.002026962
9.208	90	0.0614	0.00185268
9.459	90	0.0535	0.001612627
9.71	90	0.0478	0.001438577
9.961	90	0.0435	0.001307615
10.211	90	0.04	0.00119891
10.462	90	0.0394	0.00117677
10.713	90	0.0367	0.001111461
10.964	90	0.0346	0.001045844
11.214	90	0.034	0.001024359
11.465	90	0.032	0.000959128
11.715	90	0.0306	0.000915385
11.966	90	0.0307	0.000915117
12.217	90	0.0306	0.000915385
12.467	90	0.0294	0.000871757
12.717	90	0.0283	0.000850308
12.968	90	0.0249	0.000741331
13.218	90	0.0209	0.000632013
13.469	90	0.0199	0.000588499
13.719	90	0.015	0.000457849
13.97	90	0.0137	0.000413831
14.22	90	0.0112	0.000326848
14.47	90	0.011	0.000326733
14.721	90	0.0105	0.000304979
14.872	90	0.00948	0.00028331
4.634	98.4	0.0454	0.001367071
4.735	98.4	0.0494	0.00147693
4.836	98.4	0.0548	0.001653258
4.936	98.4	0.0692	0.002072252
4.986	98.4	0.0836	0.002513291
5.037	98.4	0.1015	0.003042354
5.087	98.4	0.1224	0.0036817
5.137	98.4	0.1653	0.004960323
5.188	98.4	0.1963	0.005886354
5.238	98.4	0.1945	0.005841834
5.288	98.4	0.1591	0.004783802
5.339	98.4	0.1202	0.003615701
5.389	98.4	0.0951	0.002843741
5.439	98.4	0.0782	0.002336961
5.691	98.4	0.0402	0.001212836
5.942	98.4	0.035	0.001057935
6.194	98.4	0.0326	0.000969844
6.445	98.4	0.032	0.000969697
6.696	98.4	0.0336	0.001014173
6.948	98.4	0.0343	0.001036054
7.199	98.4	0.0385	0.001146621
7.45	98.4	0.0418	0.001256646
7.702	98.4	0.0481	0.00143286
7.953	98.4	0.0597	0.001785709
8.204	98.4	0.0722	0.002160489
8.455	98.4	0.0766	0.002292489
8.706	98.4	0.0749	0.002248984
8.957	98.4	0.0706	0.002116677
9.208	98.4	0.059	0.001763827
9.459	98.4	0.0469	0.001411189
9.71	98.4	0.0418	0.001256646
9.961	98.4	0.0364	0.001102362
10.211	98.4	0.0344	0.00103641
10.462	98.4	0.0311	0.000925726
10.713	98.4	0.0273	0.000815913
10.964	98.4	0.0241	0.00072763
11.214	98.4	0.0241	0.00072763
11.465	98.4	0.0229	0.000683253
11.715	98.4	0.0221	0.000661677
11.966	98.4	0.0217	0.000661585
12.217	98.4	0.0218	0.000661274
12.467	98.4	0.0232	0.000705703
12.717	98.4	0.0219	0.000661631
12.968	98.4	0.0212	0.000639085
13.218	98.4	0.0195	0.000594915
13.469	98.4	0.0161	0.000485205
13.719	98.4	0.0138	0.00041885
13.97	98.4	0.011	0.000330661
14.22	98.4	0.0101	0.000308734
14.47	98.4	0.0088	0.000264662
14.721	98.4	0.0068	0.000198701
14.872	98.4	0.00698	0.00019817
4.634	106.4	0.0492	0.00146833
4.735	106.4	0.0547	0.00164363
4.836	106.4	0.0647	0.001949983
4.936	106.4	0.0874	0.00262989
4.986	106.4	0.1022	0.003067753
5.037	106.4	0.1231	0.003703079
5.087	106.4	0.1563	0.004689219
5.137	106.4	0.1962	0.005894327
5.238	106.4	0.2047	0.00613596
5.288	106.4	0.1561	0.004689135
5.339	106.4	0.105	0.003155259
5.389	106.4	0.074	0.002213207
5.439	106.4	0.0557	0.001665303
5.691	106.4	0.023	0.000679048
5.942	106.4	0.0173	0.000526236
6.194	106.4	0.0178	0.000526108
6.445	106.4	0.0206	0.000613617
6.696	106.4	0.023	0.000679048
6.948	106.4	0.0239	0.000722915
7.199	106.4	0.0284	0.00085463
7.45	106.4	0.0363	0.001095353
7.702	106.4	0.0423	0.001271192
7.953	106.4	0.0506	0.001512083
8.204	106.4	0.0605	0.001818725
8.455	106.4	0.0649	0.001950068
8.706	106.4	0.0667	0.001993988
8.957	106.4	0.0562	0.001687096
9.208	106.4	0.0457	0.001380201
9.459	106.4	0.0347	0.001051515
9.71	106.4	0.0289	0.000876422
9.961	106.4	0.026	0.000788543
10.211	106.4	0.0222	0.000657453
10.462	106.4	0.0176	0.000526027
10.713	106.4	0.0163	0.000481989
10.964	106.4	0.0147	0.000438152
11.214	106.4	0.014	0.000416275
11.465	106.4	0.0125	0.000372807
11.715	106.4	0.0107	0.000328893
11.966	106.4	0.0116	0.000350851
12.217	106.4	0.0122	0.000372352
12.467	106.4	0.0136	0.000416103
12.717	106.4	0.0146	0.000438438
12.968	106.4	0.0158	0.000482108
13.218	106.4	0.0169	0.00050415
13.469	106.4	0.0155	0.000460396
13.719	106.4	0.0146	0.000438438
13.97	106.4	0.0125	0.000372807
14.22	106.4	0.0107	0.000328893
14.47	106.4	0.0102	0.000307097
14.721	106.4	0.0086	0.000263265
14.872	106.4	0.00874	0.000262857
4.634	116.8	0.051	0.001539235
4.735	116.8	0.0582	0.001744358
4.836	116.8	0.0719	0.002155153
4.936	116.8	0.0924	0.002770769
4.986	116.8	0.1008	0.003017227
5.037	116.8	0.1305	0.003920337
5.087	116.8	0.1607	0.004823052
5.137	116.8	0.1867	0.005603463
5.188	116.8	0.2038	0.006116052
5.238	116.8	0.1791	0.005377515
5.288	116.8	0.1255	0.003755765
5.339	116.8	0.0763	0.00229844
5.389	116.8	0.044	0.001313433
5.439	116.8	0.0294	0.000882821
5.691	116.8	0.0077	0.000225867
5.942	116.8	0.0083	0.000246535
6.194	116.8	0.012	0.000369231
6.445	116.8	0.0134	0.000410413
6.696	116.8	0.0173	0.000513049
6.948	116.8	0.0198	0.000595026
7.199	116.8	0.0241	0.000718484
7.45	116.8	0.0281	0.000841563
7.702	116.8	0.0326	0.00098539
7.953	116.8	0.0391	0.001169921
8.204	116.8	0.045	0.001354309
8.455	116.8	0.048	0.001436511
8.706	116.8	0.0468	0.001395789
8.957	116.8	0.0352	0.001046764
9.208	116.8	0.0266	0.000800463
9.459	116.8	0.0172	0.000513126
9.71	116.8	0.0135	0.000410334
9.961	116.8	0.0112	0.000328205
10.211	116.8	0.0087	0.000266745
10.462	116.8	0.007	0.000205279
10.713	116.8	0.0056	0.000164103
10.964	116.8	0.0045	0.000143836
11.214	116.8	0.0036	0.000102857
11.465	116.8	0.0032	0.000102564
11.715	116.8	0.0028	8.23529E-05
11.966	116.8	0.0023	6.16071E-05
12.217	116.8	0.0026	8.18898E-05
12.467	116.8	0.0032	0.000102564
12.717	116.8	0.0049	0.000143515
12.968	116.8	0.0069	0.000205357
13.218	116.8	0.0076	0.000225946
13.469	116.8	0.0083	0.000246535
13.719	116.8	0.009	0.000266515
13.97	116.8	0.0098	0.000287631
14.22	116.8	0.0098	0.000287631
14.47	116.8	0.0093	0.000287417
14.721	116.8	0.0095	0.000287257
14.872	116.8	0.00878	0.000266682
4.634	125.2	0.0468	0.001410364
4.735	125.2	0.0525	0.001582569
4.836	125.2	0.0624	0.001874752
4.936	125.2	0.0794	0.002373744
4.986	125.2	0.0924	0.002769248
5.037	125.2	0.1114	0.003337183
5.087	125.2	0.1299	0.003904568
5.137	125.2	0.1544	0.004627184
5.188	125.2	0.1652	0.004953936
5.238	125.2	0.1458	0.004369184
5.288	125.2	0.098	0.002941548
5.339	125.2	0.0613	0.001840376
5.389	125.2	0.0399	0.001203879
5.439	125.2	0.026	0.000774322
5.691	125.2	0.0113	0.000343988
5.942	125.2	0.013	0.000395503
6.194	125.2	0.0166	0.00049886
6.445	125.2	0.0206	0.000619032
6.696	125.2	0.0209	0.000619259
6.948	125.2	0.0268	0.000808472
7.199	125.2	0.0302	0.000911503
7.45	125.2	0.0354	0.001066472
7.702	125.2	0.0395	0.001187064
7.953	125.2	0.0445	0.001341709
8.204	125.2	0.0506	0.001513528
8.455	125.2	0.052	0.001565332
8.706	125.2	0.0471	0.001410592
8.957	125.2	0.0368	0.001101075
9.208	125.2	0.0273	0.000825709
9.459	125.2	0.0189	0.000567516
9.71	125.2	0.0145	0.000430012
9.961	125.2	0.0126	0.000378689
10.211	125.2	0.0104	0.000309421
10.462	125.2	0.0082	0.000240671
10.713	125.2	0.008	0.00024086
10.964	125.2	0.0077	0.000223438
11.214	125.2	0.0072	0.000223389
11.465	125.2	0.0069	0.000206484
11.715	125.2	0.0079	0.000240959
11.966	125.2	0.0074	0.000223721
12.217	125.2	0.0065	0.000189153
12.467	125.2	0.0064	0.000189247
12.717	125.2	0.0053	0.00015487
12.968	125.2	0.0042	0.000120492
13.218	125.2	0.0042	0.000120492
13.469	125.2	0.0041	0.000120588
13.719	125.2	0.0038	0.000120362
13.97	125.2	0.0039	0.000120264
14.22	125.2	0.0049	0.000154737
14.47	125.2	0.0053	0.00015487
14.721	125.2	0.0044	0.0001375
4.634	135	0.0361	0.001081149
4.735	135	0.0387	0.001162629
4.836	135	0.0448	0.001340298
4.936	135	0.055	0.001651407
4.986	135	0.0643	0.001925371
5.037	135	0.0758	0.002273408
5.087	135	0.0941	0.002821445
5.137	135	0.1216	0.00365074
5.188	135	0.143	0.004287778
5.238	135	0.1474	0.004420889
5.288	135	0.1221	0.003665666
5.339	135	0.098	0.002939852
5.389	135	0.0747	0.002243888
5.439	135	0.0662	0.001984741
5.691	135	0.0437	0.001310778
5.942	135	0.0375	0.001125592
6.194	135	0.0354	0.001059038
6.445	135	0.0365	0.001095963
6.696	135	0.0411	0.001236703
6.948	135	0.0451	0.001355222
7.199	135	0.0467	0.001399667
7.45	135	0.0568	0.001703259
7.702	135	0.0655	0.001962408
7.953	135	0.0758	0.002273408
8.204	135	0.0882	0.002643778
8.455	135	0.0892	0.002673408
8.706	135	0.0869	0.00260663
8.957	135	0.0792	0.002377111
9.208	135	0.0684	0.002051185
9.459	135	0.0532	0.001599555
9.71	135	0.0479	0.001436704
9.961	135	0.0436	0.001310666
10.211	135	0.0399	0.001199666
10.462	135	0.037	0.001110889
10.713	135	0.0346	0.001036815
10.964	135	0.0335	0.001007073
11.214	135	0.0326	0.000977556
11.465	135	0.0323	0.000970037
11.715	135	0.0307	0.000918186
11.966	135	0.0313	0.000940407
12.217	135	0.0299	0.000895963
12.467	135	0.0295	0.000888554
12.717	135	0.0247	0.00074063
12.968	135	0.021	0.000629408
13.218	135	0.0161	0.000481371
13.469	135	0.014	0.000421999
13.719	135	0.0105	0.000318406
13.97	135	0.0107	0.000318408
14.22	135	0.0108	0.000325926
14.47	135	0.011	0.000333333
14.721	135	0.0089	0.000266556
14.872	135	0.00894	0.000266645
15.375	135	0.0081	0.000244333
15.878	135	0.00663	0.000200011
16.38	135	0.00605	0.000185129
16.883	135	0.00608	0.00018514
17.386	135	0.00567	0.000170248
17.888	135	0.00585	0.000177722

