         3.6877
        -4.1703
         1.0173
        19.6312
 -52373324.6665
  16835296.9988
   -660053.3426
        10.5862
 -20362496.6304
  -7370190.2597
   -729643.6333
         1.5973
        -5.6291
         1.3448
         0.3172
         9.8885
  -2989783.9402
   -143218.2605
   -256819.2421
    -65737.5838
   3880124.5303
        10.2401
    337328.2913
  -5680841.7512
  -1225415.7912
    -59066.4930
        17.6443
   1415287.0791
-191243290.2659
-153069876.3991
   1468674.1905
        11.5764
    721228.0880
  -6972900.6485
  14304009.0586
   2090081.0038
        16.0880
  25578094.9299
  26598573.5092
 -31485998.0431
  -4590030.5532
         6.5107
  -1374524.0054
      -147.2785
     -3548.6151
       -57.3833
         7.1801
    -91355.9830
       790.9420
    447023.8077
       965.6481
        11.5042
    339786.5758
     66165.3995
  11189621.5298
   -317592.5437
   4579512.3420
   4886713.7389
        20.6867
 100357866.5535
   1618437.8194
   1135163.4111
     63479.3454
        11.7417
   8321867.4456
     -1086.3632
     76360.9346
     -2449.8983
  -1174645.0405
        17.9998
   5699812.3657
  64495950.8230
   -704408.9259
   -120371.8838
         4.5621
   -166663.6019
        -0.0092
        -0.0338
         0.0010
        10.4322
  -3122591.6126
    -14115.6509
     12379.8289
     -4873.8778
         1.0286
         0.9780
         1.1315
         0.9679
         1.0012
         1.1867
         1.0394
         1.1029
         1.1247
         0.9850
         0.9203
         0.9254
         0.9531
         0.9957
