9.840e-01 1.890e+01 1.119e-02 7.913e-04
1.780e+00 2.180e+01 2.664e-02 1.884e-03
1.581e+00 2.250e+01 2.235e-02 1.580e-03
9.840e-01 2.280e+01 1.119e-02 7.913e-04
1.481e+00 2.280e+01 1.811e-02 1.281e-03
1.681e+00 2.350e+01 2.614e-02 1.848e-03
1.880e+00 2.430e+01 2.360e-02 1.669e-03
1.989e+00 2.530e+01 2.135e-02 1.510e-03
2.078e+00 2.560e+01 1.823e-02 1.289e-03
9.840e-01 2.670e+01 1.093e-02 7.729e-04
1.082e+00 2.730e+01 1.070e-02 7.566e-04
1.382e+00 2.750e+01 1.494e-02 1.056e-03
1.282e+00 2.780e+01 1.399e-02 9.892e-04
1.182e+00 2.790e+01 1.266e-02 8.952e-04
2.476e+00 2.910e+01 8.700e-03 6.152e-04
2.973e+00 2.950e+01 1.003e-02 7.092e-04
2.874e+00 2.970e+01 9.550e-03 6.753e-04
2.775e+00 3.020e+01 1.055e-02 7.460e-04
2.177e+00 3.030e+01 1.613e-02 1.141e-03
2.575e+00 3.060e+01 1.189e-02 8.407e-04
2.377e+00 3.070e+01 8.990e-03 6.357e-04
9.840e-01 3.190e+01 1.106e-02 7.821e-04
2.674e+00 3.200e+01 1.065e-02 7.531e-04
2.277e+00 3.210e+01 9.980e-03 7.057e-04
1.382e+00 3.270e+01 1.493e-02 1.056e-03
1.282e+00 3.300e+01 1.385e-02 9.793e-04
1.182e+00 3.310e+01 1.225e-02 8.662e-04
1.681e+00 3.380e+01 2.419e-02 1.710e-03
1.082e+00 3.390e+01 1.055e-02 7.460e-04
1.581e+00 3.420e+01 2.143e-02 1.515e-03
1.481e+00 3.450e+01 1.723e-02 1.218e-03
1.780e+00 3.470e+01 2.479e-02 1.753e-03
2.973e+00 3.540e+01 1.018e-02 7.198e-04
1.989e+00 3.540e+01 1.917e-02 1.356e-03
2.177e+00 3.610e+01 1.584e-02 1.120e-03
2.674e+00 3.640e+01 1.051e-02 7.432e-04
2.476e+00 3.640e+01 8.130e-03 5.749e-04
2.575e+00 3.640e+01 1.160e-02 8.202e-04
1.989e+00 3.690e+01 1.932e-02 1.366e-03
2.874e+00 3.700e+01 9.840e-03 6.958e-04
2.078e+00 3.720e+01 1.644e-02 1.162e-03
1.880e+00 3.730e+01 2.140e-02 1.513e-03
2.775e+00 3.750e+01 1.069e-02 7.559e-04
2.377e+00 3.800e+01 8.700e-03 6.152e-04
9.840e-01 3.840e+01 1.118e-02 7.905e-04
9.840e-01 4.360e+01 1.131e-02 7.997e-04
1.082e+00 4.430e+01 1.040e-02 7.354e-04
1.382e+00 4.440e+01 1.428e-02 1.010e-03
1.282e+00 4.470e+01 1.292e-02 9.136e-04
1.182e+00 4.480e+01 1.225e-02 8.662e-04
9.840e-01 4.490e+01 1.118e-02 7.905e-04
1.681e+00 4.550e+01 2.264e-02 1.601e-03
1.581e+00 4.580e+01 1.987e-02 1.405e-03
1.481e+00 4.620e+01 1.635e-02 1.156e-03
1.780e+00 4.630e+01 2.240e-02 1.584e-03
2.575e+00 4.670e+01 1.145e-02 8.096e-04
2.973e+00 4.710e+01 1.079e-02 7.630e-04
1.989e+00 4.710e+01 1.786e-02 1.263e-03
2.874e+00 4.730e+01 1.055e-02 7.460e-04
2.775e+00 4.780e+01 1.097e-02 7.757e-04
2.674e+00 4.810e+01 1.037e-02 7.333e-04
2.476e+00 4.810e+01 7.980e-03 5.643e-04
2.377e+00 4.830e+01 8.410e-03 5.947e-04
2.078e+00 4.890e+01 1.599e-02 1.131e-03
1.880e+00 4.890e+01 1.979e-02 1.399e-03
2.177e+00 4.920e+01 1.483e-02 1.049e-03
2.277e+00 4.960e+01 8.580e-03 6.067e-04
1.082e+00 5.480e+01 1.111e-02 7.856e-04
1.282e+00 5.510e+01 1.265e-02 8.945e-04
1.182e+00 5.520e+01 1.171e-02 8.280e-04
9.840e-01 5.540e+01 1.104e-02 7.806e-04
1.382e+00 5.620e+01 1.376e-02 9.730e-04
1.481e+00 5.650e+01 1.559e-02 1.102e-03
1.681e+00 5.710e+01 2.044e-02 1.445e-03
1.581e+00 5.750e+01 1.857e-02 1.313e-03
1.780e+00 5.790e+01 2.042e-02 1.444e-03
2.973e+00 5.890e+01 1.155e-02 8.167e-04
1.880e+00 5.900e+01 1.789e-02 1.265e-03
2.874e+00 5.910e+01 1.140e-02 8.061e-04
2.177e+00 5.940e+01 1.382e-02 9.772e-04
2.775e+00 5.950e+01 1.153e-02 8.153e-04
2.476e+00 5.980e+01 8.260e-03 5.841e-04
2.575e+00 5.980e+01 1.173e-02 8.294e-04
2.674e+00 5.990e+01 1.143e-02 8.082e-04
2.377e+00 6.000e+01 8.690e-03 6.145e-04
1.989e+00 6.010e+01 1.641e-02 1.160e-03
9.840e-01 6.050e+01 1.001e-02 7.078e-04
2.078e+00 6.050e+01 1.450e-02 1.025e-03
2.277e+00 6.270e+01 8.100e-03 5.728e-04
1.082e+00 6.510e+01 9.960e-03 7.043e-04
9.840e-01 6.580e+01 1.039e-02 7.347e-04
1.382e+00 6.650e+01 1.247e-02 8.818e-04
1.282e+00 6.680e+01 1.224e-02 8.655e-04
1.182e+00 6.690e+01 1.091e-02 7.715e-04
1.681e+00 6.740e+01 1.876e-02 1.327e-03
1.581e+00 6.780e+01 1.726e-02 1.220e-03
1.780e+00 6.830e+01 1.856e-02 1.312e-03
1.481e+00 6.830e+01 1.496e-02 1.058e-03
2.575e+00 7.010e+01 1.258e-02 8.895e-04
2.674e+00 7.020e+01 1.142e-02 8.075e-04
2.377e+00 7.020e+01 8.260e-03 5.841e-04
1.989e+00 7.030e+01 1.568e-02 1.109e-03
2.973e+00 7.060e+01 1.169e-02 8.266e-04
2.874e+00 7.080e+01 1.168e-02 8.259e-04
2.177e+00 7.110e+01 1.353e-02 9.567e-04
2.775e+00 7.120e+01 1.166e-02 8.245e-04
2.277e+00 7.150e+01 7.480e-03 5.289e-04
2.476e+00 7.150e+01 8.250e-03 5.834e-04
1.880e+00 7.200e+01 1.642e-02 1.161e-03
2.078e+00 7.210e+01 1.390e-02 9.829e-04
9.840e-01 7.230e+01 1.000e-02 7.071e-04
2.476e+00 7.440e+01 7.540e-03 5.332e-04
2.177e+00 7.540e+01 1.267e-02 8.959e-04
1.481e+00 7.590e+01 1.209e-02 8.549e-04
2.377e+00 7.600e+01 7.820e-03 5.530e-04
1.989e+00 7.610e+01 1.437e-02 1.016e-03
1.681e+00 7.640e+01 1.604e-02 1.134e-03
2.078e+00 7.640e+01 1.227e-02 8.676e-04
1.082e+00 7.680e+01 9.240e-03 6.534e-04
2.277e+00 7.720e+01 6.550e-03 4.632e-04
1.282e+00 7.720e+01 1.130e-02 7.990e-04
1.182e+00 7.740e+01 1.090e-02 7.707e-04
9.840e-01 7.750e+01 9.480e-03 6.703e-04
1.880e+00 7.780e+01 1.553e-02 1.098e-03
2.874e+00 8.240e+01 1.052e-02 7.439e-04
2.476e+00 8.320e+01 7.390e-03 5.226e-04
2.973e+00 8.370e+01 1.107e-02 7.828e-04
2.775e+00 8.440e+01 1.122e-02 7.934e-04
2.674e+00 8.470e+01 1.007e-02 7.121e-04
2.575e+00 8.470e+01 1.100e-02 7.778e-04
1.780e+00 8.500e+01 1.538e-02 1.088e-03
1.681e+00 8.550e+01 1.578e-02 1.116e-03
2.177e+00 8.570e+01 1.252e-02 8.853e-04
1.581e+00 8.600e+01 1.518e-02 1.073e-03
2.277e+00 8.600e+01 7.010e-03 4.957e-04
1.382e+00 8.600e+01 1.066e-02 7.538e-04
2.377e+00 8.620e+01 7.390e-03 5.226e-04
1.989e+00 8.630e+01 1.378e-02 9.744e-04
1.481e+00 8.630e+01 1.208e-02 8.542e-04
1.182e+00 8.650e+01 9.830e-03 6.951e-04
1.082e+00 8.730e+01 9.100e-03 6.435e-04
1.382e+00 8.740e+01 1.091e-02 7.715e-04
1.282e+00 8.770e+01 1.130e-02 7.990e-04
1.880e+00 8.790e+01 1.392e-02 9.843e-04
9.840e-01 8.790e+01 8.960e-03 6.336e-04
2.078e+00 8.810e+01 1.196e-02 8.457e-04
1.581e+00 8.850e+01 1.440e-02 1.018e-03
1.481e+00 8.890e+01 1.170e-02 8.273e-04
1.780e+00 9.020e+01 1.472e-02 1.041e-03
1.989e+00 9.070e+01 1.364e-02 9.645e-04
1.681e+00 9.070e+01 1.526e-02 1.079e-03
1.989e+00 9.210e+01 1.277e-02 9.030e-04
2.973e+00 9.250e+01 1.091e-02 7.715e-04
2.874e+00 9.270e+01 1.023e-02 7.234e-04
2.177e+00 9.300e+01 1.195e-02 8.450e-04
2.775e+00 9.310e+01 1.065e-02 7.531e-04
2.277e+00 9.330e+01 6.390e-03 4.518e-04
2.476e+00 9.340e+01 7.380e-03 5.218e-04
2.575e+00 9.340e+01 1.085e-02 7.672e-04
2.674e+00 9.350e+01 1.007e-02 7.121e-04
2.377e+00 9.350e+01 7.100e-03 5.020e-04
1.880e+00 9.370e+01 1.333e-02 9.426e-04
2.078e+00 9.390e+01 1.151e-02 8.139e-04
1.082e+00 9.770e+01 7.800e-03 5.515e-04
1.282e+00 9.800e+01 9.560e-03 6.760e-04
1.182e+00 9.820e+01 8.900e-03 6.293e-04
9.840e-01 9.820e+01 8.050e-03 5.692e-04
1.581e+00 9.890e+01 1.244e-02 8.796e-04
1.481e+00 9.930e+01 1.107e-02 7.828e-04
2.476e+00 1.007e+02 5.950e-03 4.207e-04
1.681e+00 1.010e+02 1.293e-02 9.143e-04
2.377e+00 1.023e+02 6.670e-03 4.716e-04
1.880e+00 1.024e+02 1.260e-02 8.910e-04
1.989e+00 1.024e+02 1.247e-02 8.818e-04
2.078e+00 1.027e+02 1.121e-02 7.927e-04
2.874e+00 1.029e+02 9.800e-03 6.930e-04
2.177e+00 1.032e+02 1.137e-02 8.040e-04
2.277e+00 1.035e+02 5.300e-03 3.748e-04
2.973e+00 1.041e+02 9.680e-03 6.845e-04
9.840e-01 1.048e+02 8.050e-03 5.692e-04
2.973e+00 1.056e+02 9.830e-03 6.951e-04
2.874e+00 1.058e+02 9.800e-03 6.930e-04
2.775e+00 1.062e+02 9.490e-03 6.710e-04
2.476e+00 1.066e+02 6.950e-03 4.914e-04
2.575e+00 1.066e+02 1.028e-02 7.269e-04
2.674e+00 1.066e+02 9.660e-03 6.831e-04
2.377e+00 1.067e+02 6.090e-03 4.306e-04
1.780e+00 1.071e+02 1.339e-02 9.468e-04
2.078e+00 1.071e+02 1.106e-02 7.821e-04
1.681e+00 1.075e+02 1.319e-02 9.327e-04
2.177e+00 1.075e+02 1.051e-02 7.432e-04
1.581e+00 1.080e+02 1.218e-02 8.613e-04
1.989e+00 1.082e+02 1.232e-02 8.712e-04
1.382e+00 1.082e+02 9.230e-03 6.527e-04
1.481e+00 1.084e+02 1.057e-02 7.474e-04
1.282e+00 1.084e+02 9.030e-03 6.385e-04
1.082e+00 1.093e+02 6.800e-03 4.808e-04
2.277e+00 1.094e+02 5.600e-03 3.960e-04
1.880e+00 1.098e+02 1.245e-02 8.803e-04
1.182e+00 1.099e+02 8.230e-03 5.819e-04
9.840e-01 1.099e+02 7.020e-03 4.964e-04
9.840e-01 1.151e+02 6.370e-03 4.504e-04
2.874e+00 1.160e+02 9.220e-03 6.520e-04
2.973e+00 1.173e+02 9.050e-03 6.399e-04
2.775e+00 1.179e+02 9.490e-03 6.710e-04
2.476e+00 1.183e+02 6.370e-03 4.504e-04
2.674e+00 1.183e+02 9.250e-03 6.541e-04
1.989e+00 1.184e+02 1.203e-02 8.506e-04
2.377e+00 1.184e+02 6.090e-03 4.306e-04
1.780e+00 1.188e+02 1.312e-02 9.277e-04
2.177e+00 1.192e+02 1.122e-02 7.934e-04
1.681e+00 1.192e+02 1.240e-02 8.768e-04
2.277e+00 1.196e+02 5.600e-03 3.960e-04
1.581e+00 1.196e+02 1.062e-02 7.509e-04
2.575e+00 1.197e+02 1.013e-02 7.163e-04
1.382e+00 1.198e+02 7.680e-03 5.431e-04
1.282e+00 1.201e+02 7.290e-03 5.155e-04
2.078e+00 1.202e+02 1.120e-02 7.920e-04
9.840e-01 1.203e+02 6.110e-03 4.320e-04
1.481e+00 1.214e+02 9.190e-03 6.498e-04
1.880e+00 1.214e+02 1.229e-02 8.690e-04
1.182e+00 1.216e+02 6.620e-03 4.681e-04
1.082e+00 1.223e+02 5.650e-03 3.995e-04
2.775e+00 1.281e+02 9.190e-03 6.498e-04
2.973e+00 1.290e+02 9.200e-03 6.505e-04
2.874e+00 1.292e+02 9.350e-03 6.611e-04
2.674e+00 1.300e+02 9.110e-03 6.442e-04
2.575e+00 1.300e+02 1.026e-02 7.255e-04
2.377e+00 1.301e+02 6.230e-03 4.405e-04
1.780e+00 1.305e+02 1.351e-02 9.553e-04
1.681e+00 1.309e+02 1.214e-02 8.584e-04
2.177e+00 1.310e+02 1.193e-02 8.436e-04
2.277e+00 1.313e+02 6.050e-03 4.278e-04
1.581e+00 1.313e+02 9.570e-03 6.767e-04
2.476e+00 1.314e+02 5.940e-03 4.200e-04
1.382e+00 1.315e+02 6.130e-03 4.335e-04
1.989e+00 1.316e+02 1.289e-02 9.115e-04
1.481e+00 1.317e+02 7.800e-03 5.515e-04
1.282e+00 1.318e+02 5.420e-03 3.833e-04
1.182e+00 1.319e+02 5.150e-03 3.642e-04
2.078e+00 1.320e+02 1.223e-02 8.648e-04
1.082e+00 1.327e+02 4.210e-03 2.977e-04
1.880e+00 1.332e+02 1.316e-02 9.306e-04
9.840e-01 1.333e+02 5.070e-03 3.585e-04
9.840e-01 1.398e+02 4.030e-03 2.850e-04
2.973e+00 1.407e+02 9.960e-03 7.043e-04
2.874e+00 1.409e+02 9.780e-03 6.916e-04
2.775e+00 1.413e+02 9.900e-03 7.000e-04
2.674e+00 1.417e+02 9.900e-03 7.000e-04
2.476e+00 1.417e+02 6.650e-03 4.702e-04
2.377e+00 1.418e+02 6.790e-03 4.801e-04
1.780e+00 1.423e+02 1.442e-02 1.020e-03
2.177e+00 1.428e+02 1.306e-02 9.235e-04
1.581e+00 1.430e+02 8.660e-03 6.124e-04
2.575e+00 1.432e+02 1.054e-02 7.453e-04
1.382e+00 1.432e+02 4.830e-03 3.415e-04
1.989e+00 1.434e+02 1.419e-02 1.003e-03
1.481e+00 1.434e+02 5.920e-03 4.186e-04
1.282e+00 1.435e+02 4.080e-03 2.885e-04
1.880e+00 1.436e+02 1.432e-02 1.013e-03
1.681e+00 1.439e+02 1.174e-02 8.301e-04
1.082e+00 1.444e+02 3.060e-03 2.164e-04
1.182e+00 1.449e+02 3.810e-03 2.694e-04
9.840e-01 1.450e+02 4.030e-03 2.850e-04
2.078e+00 1.453e+02 1.310e-02 9.263e-04
2.874e+00 1.468e+02 1.020e-02 7.212e-04
2.575e+00 1.476e+02 1.111e-02 7.856e-04
2.973e+00 1.480e+02 1.011e-02 7.149e-04
1.382e+00 1.484e+02 3.800e-03 2.687e-04
2.775e+00 1.487e+02 1.018e-02 7.198e-04
2.476e+00 1.490e+02 7.210e-03 5.098e-04
2.674e+00 1.491e+02 9.890e-03 6.993e-04
2.377e+00 1.491e+02 7.080e-03 5.006e-04
1.282e+00 1.500e+02 3.280e-03 2.319e-04
1.182e+00 1.501e+02 3.410e-03 2.411e-04
2.177e+00 1.501e+02 1.349e-02 9.539e-04
9.840e-01 1.502e+02 3.770e-03 2.666e-04
2.277e+00 1.505e+02 7.570e-03 5.353e-04
1.082e+00 1.509e+02 2.630e-03 1.860e-04
1.780e+00 1.554e+02 1.507e-02 1.066e-03
1.681e+00 1.557e+02 1.200e-02 8.485e-04
1.581e+00 1.560e+02 7.740e-03 5.473e-04
1.481e+00 1.563e+02 4.790e-03 3.387e-04
1.989e+00 1.567e+02 1.592e-02 1.126e-03
1.880e+00 1.569e+02 1.635e-02 1.156e-03
2.078e+00 1.571e+02 1.458e-02 1.031e-03
